Vehicle=1
AutoFix=1
Creator=GalKilleR
Nos=0
World=0
Weather=0
RaceMode=0
Laps=0
AirRace=0
CPSize=8.0000
RaceName=gal
Gravity=0.0080
PickupModel=3096
PickupLocations0=0.000000 0.000000 0.000000
PickupLocations1=0.000000 0.000000 0.000000
PickupLocations2=0.000000 0.000000 0.000000
PickupLocations3=0.000000 0.000000 0.000000
PickupLocations4=0.000000 0.000000 0.000000
PickupType0=0
PickupType1=0
PickupType2=0
PickupType3=0
PickupType4=0
PickupVehicle0=0
PickupVehicle1=0
PickupVehicle2=0
PickupVehicle3=0
PickupVehicle4=0
RaceTimesName/0=A
RaceTimesTime/0=0
RaceTimesName/1=A
RaceTimesTime/1=0
RaceTimesName/2=A
RaceTimesTime/2=0
RaceTimesName/3=A
RaceTimesTime/3=0
RaceTimesName/4=A
RaceTimesTime/4=0
LapTimesName/0=A
LapTimesTime/0=0
LapTimesName/1=A
LapTimesTime/1=0
LapTimesName/2=A
LapTimesTime/2=0
LapTimesName/3=A
LapTimesTime/3=0
LapTimesName/4=A
LapTimesTime/4=0
Tcp/1=-2607.8344
Tcp/2=96.5586
Tcp/3=6.9812
Tcp/4=1.8857
CPs/0=-2015.200439 130.811950 27.687500
CPs/1=-2006.898681 107.333869 27.539062
CPs/2=-2006.695434 30.729969 32.812500
CPs/3=-2006.192993 -157.720596 35.710937
CPs/4=-2041.920043 -292.326110 35.375804
CPs/5=-2207.783447 -292.973876 35.320312
CPs/6=-2183.048583 -186.090118 35.320312
CPs/7=-2166.829833 -81.035369 35.320312
CPs/8=-2256.047607 -43.138687 35.320312
CPs/9=-2287.155517 17.080966 35.320312
CPs/10=-2371.087646 8.486927 35.320312
CPs/11=-2421.440429 -70.854309 35.281250
CPs/12=-2497.414794 -70.394294 25.585937
CPs/13=-2641.428955 -70.108360 4.179687
CPs/14=-2706.025390 -12.812775 4.183994
CPs/15=-2706.488037 147.462814 4.179687
CPs/16=-2775.636474 157.719100 7.031250
CPs/17=-2809.078857 84.567848 7.039043
CPs/18=-2807.297851 -79.745941 7.031250
CPs/19=-2810.955810 -214.236877 7.031250
CPs/20=-2670.047363 -212.161224 4.179687
CPs/21=-2650.903564 -286.363952 7.529142
CPs/22=-2673.144287 -344.413177 7.543469
CPs/23=-2746.732910 -409.723754 6.941979
CPs/24=-2799.903076 -382.689361 6.989028
CPs/25=-2731.214111 -314.073303 7.039062
