Vehicle=496
AutoFix=1
Creator=[CtP]Vertigo
Nos=0
World=0
Weather=0
RaceMode=0
Laps=0
AirRace=0
CPSize=8.0000
RaceName=1
RaceTimesName/0=jumpman23
RaceTimesTime/0=149780
RaceTimesName/1=[alr]Evil_Gnomes
RaceTimesTime/1=164710
RaceTimesName/2=[CtP]5t3viE
RaceTimesTime/2=172090
RaceTimesName/3=A
RaceTimesTime/3=0
RaceTimesName/4=A
RaceTimesTime/4=0
LapTimesName/0=A
LapTimesTime/0=0
LapTimesName/1=A
LapTimesTime/1=0
LapTimesName/2=A
LapTimesTime/2=0
LapTimesName/3=A
LapTimesTime/3=0
LapTimesName/4=A
LapTimesTime/4=0
Tcp/1=2128.0407
Tcp/2=1946.2164
Tcp/3=10.3990
Tcp/4=178.7684
CPs/0=2127.951171 1935.119628 10.387928
CPs/1=2102.033935 1863.390014 10.409563
CPs/2=2063.600830 1813.612182 10.388481
CPs/3=1960.352050 1753.381713 12.460068
CPs/4=1914.930175 1737.620605 18.621025
CPs/5=2011.790283 1739.228881 18.650297
CPs/6=1963.545898 1739.251098 18.650150
CPs/7=2011.095581 1742.297241 18.650232
CPs/8=1964.150756 1756.579711 18.649707
CPs/9=1950.960449 1799.504638 18.626579
CPs/10=1925.366943 1813.020629 18.616945
CPs/11=1889.302734 1797.431762 18.156143
CPs/12=1928.585327 1808.270019 12.432515
CPs/13=1881.621582 1786.627197 12.460151
CPs/14=1910.747924 1768.324340 12.433028
CPs/15=1923.899902 1729.440185 12.430954
CPs/16=1969.543212 1748.090332 12.460000
CPs/17=2011.326293 1737.822509 12.459897
CPs/18=1956.354248 1745.726318 12.461437
CPs/19=1914.379638 1760.695678 18.621040
CPs/20=1887.094970 1813.464233 18.650365
CPs/21=1959.131103 1785.687133 18.650331
CPs/22=1919.980224 1747.724121 18.431161
CPs/23=1962.227905 1761.904663 12.460062
CPs/24=1953.104492 1796.945678 12.451310
CPs/25=1916.709960 1814.842773 12.459738
CPs/26=1869.882812 1799.837768 12.375764
CPs/27=1867.969360 1935.846801 7.311003
CPs/28=1904.730224 1950.451049 7.310525
CPs/29=1861.753295 1941.428344 13.501235
CPs/30=1907.076538 1946.871704 13.501210
CPs/31=1902.922241 1981.478393 13.501380
CPs/32=1862.831420 2016.249145 13.501234
CPs/33=1900.055908 2003.344970 13.068943
CPs/34=1862.535034 2018.485351 7.311178
CPs/35=1908.259887 2007.004882 7.311149
CPs/36=1917.667114 1968.623901 7.310763
CPs/37=1955.324584 1996.271240 7.394290
CPs/38=2046.767089 2003.090576 10.388481
CPs/39=2094.048095 1970.111328 10.479605
CPs/40=2058.770019 1934.219604 11.711920
CPs/41=1981.125610 1894.088500 121.731193
CPs/42=1980.815917 1895.544189 121.731903
CPs/43=1991.919799 1819.519653 152.073898
Gravity=0.0080
Rating=8.6656
RatingCount=14
