Vehicle=522
AutoFix=1
Creator=GangBang
Nos=0
World=0
Weather=0
RaceMode=0
Laps=0
AirRace=0
CPSize=8.0000
RaceName=[AC]Ed sllalom
Gravity=0.8000
RaceTimesName/0=[AC]Ed
RaceTimesTime/0=38844
RaceTimesName/1=[AC]Pro
RaceTimesTime/1=43367
RaceTimesName/2=[AC]Pro
RaceTimesTime/2=45024
RaceTimesName/3=[AC]Ed
RaceTimesTime/3=51052
RaceTimesName/4=GangBang
RaceTimesTime/4=62807
LapTimesName/0=A
LapTimesTime/0=0
LapTimesName/1=A
LapTimesTime/1=0
LapTimesName/2=A
LapTimesTime/2=0
LapTimesName/3=A
LapTimesTime/3=0
LapTimesName/4=A
LapTimesTime/4=0
Tcp/1=2019.7801
Tcp/2=1719.8138
Tcp/3=10.8203
Tcp/4=261.2437
CPs/0=2033.337036 1719.417480 10.820312
CPs/1=2126.634765 1702.952026 10.363663
CPs/2=2141.305664 1695.770141 10.385031
CPs/3=2143.478271 1675.136962 10.392729
CPs/4=2140.150634 1658.182861 10.256124
CPs/5=2126.814697 1660.137939 10.387020
CPs/6=2117.697021 1649.407104 10.240644
CPs/7=2102.199218 1654.848999 10.386720
CPs/8=2090.854736 1646.421264 10.228709
CPs/9=2082.124023 1657.216796 10.381281
CPs/10=2096.989990 1652.278442 10.391222
CPs/11=2112.291992 1653.771118 10.383970
CPs/12=2126.670898 1653.906860 10.386338
CPs/13=2137.144287 1669.126831 10.386362
CPs/14=2147.677246 1669.735473 10.388317
CPs/15=2141.168212 1672.392578 10.386416
CPs/16=2139.450439 1662.385864 10.386219
CPs/17=2127.482910 1662.493530 10.367238
CPs/18=2118.281738 1650.267578 10.349856
CPs/19=2106.453857 1655.460815 10.388219
CPs/20=2090.840332 1645.217651 10.259078
CPs/21=2087.864746 1618.271606 10.379225
CPs/22=2088.178222 1586.241210 10.386414
CPs/23=2091.640869 1570.035644 10.386436
CPs/24=2091.869628 1558.943725 10.388587
CPs/25=2089.757812 1573.165771 10.386482
CPs/26=2086.525634 1598.651855 10.386531
CPs/27=2089.179443 1635.668823 10.386499
