Vehicle=528
AutoFix=1
Creator=[MW]PillPoppin
Nos=1
World=0
Weather=0
RaceMode=0
Laps=0
AirRace=0
CPSize=8.0000
RaceName=4X4
Gravity=0.0080
RaceTimesName/0=reuven
RaceTimesTime/0=77230
RaceTimesName/1=[LF]Chocolate
RaceTimesTime/1=79560
RaceTimesName/2=[MW]PillPoppin
RaceTimesTime/2=80900
RaceTimesName/3=GANG1325
RaceTimesTime/3=112900
RaceTimesName/4=icezapk_103
RaceTimesTime/4=118570
LapTimesName/0=A
LapTimesTime/0=0
LapTimesName/1=A
LapTimesTime/1=0
LapTimesName/2=A
LapTimesTime/2=0
LapTimesName/3=A
LapTimesTime/3=0
LapTimesName/4=A
LapTimesTime/4=0
Tcp/1=-76.3684
Tcp/2=2410.7370
Tcp/3=16.0384
Tcp/4=3.9568
CPs/0=-76.368423 2410.737060 16.038434
CPs/1=-95.610908 2360.994628 17.580434
CPs/2=-76.086418 2314.839355 30.556922
CPs/3=-27.179677 2262.326416 38.663009
CPs/4=-29.042819 2133.763183 18.792127
CPs/5=3.505382 1905.659790 17.737218
CPs/6=42.985980 1672.864990 17.705011
CPs/7=42.886684 1573.657470 27.661010
CPs/8=53.041736 1284.813842 21.827028
CPs/9=44.985382 1254.669555 14.709324
CPs/10=-78.606613 1260.886352 12.786083
CPs/11=-166.601623 1259.553710 21.357704
CPs/12=-216.658370 1291.866333 28.495952
CPs/13=-250.745697 1325.524536 41.461139
CPs/14=-259.787658 1335.768920 49.543312
CPs/15=-280.688781 1365.081909 68.473976
CPs/16=-258.940734 1454.047851 75.576965
CPs/17=-346.227050 1440.344116 66.892845
CPs/18=-377.273803 1424.209960 60.415908
CPs/19=-418.601379 1398.506591 33.335460
