Vehicle=522
AutoFix=1
Creator=[RiP]MarKKraM
Nos=0
World=0
Weather=1
RaceMode=0
Laps=0
AirRace=0
CPSize=8.0000
RaceName=[KoBk]Ar_SnipEr'sRa
RaceTimesName/0=[KoBk]Ar_SnIpEr
RaceTimesTime/0=236230
RaceTimesName/1=[KoBk]Ar_SnIpEr
RaceTimesTime/1=250560
RaceTimesName/2=Matto
RaceTimesTime/2=287490
RaceTimesName/3=Homie15
RaceTimesTime/3=302810
RaceTimesName/4=[MANO]Andy
RaceTimesTime/4=303950
LapTimesName/0=A
LapTimesTime/0=0
LapTimesName/1=A
LapTimesTime/1=0
LapTimesName/2=A
LapTimesTime/2=0
LapTimesName/3=A
LapTimesTime/3=0
LapTimesName/4=A
LapTimesTime/4=0
Tcp/1=1030.0421
Tcp/2=2904.3867
Tcp/3=46.1649
Tcp/4=278.3208
CPs/0=991.747924 2901.200927 45.732547
CPs/1=872.470214 2849.675048 57.983253
CPs/2=758.736999 2792.556884 83.871520
CPs/3=575.524780 2772.753417 73.710975
CPs/4=256.806488 2744.328125 33.477138
CPs/5=265.644561 2629.242431 16.042514
CPs/6=318.818664 2559.022216 15.934392
CPs/7=364.988800 2537.375976 16.233314
CPs/8=371.944335 2506.502197 16.050279
CPs/9=251.265197 2504.369384 16.055006
CPs/10=-189.331024 2521.378906 27.067705
CPs/11=-287.745422 2519.428466 33.936370
CPs/12=-443.243347 2446.510986 46.424324
CPs/13=-546.155395 2420.675048 62.110866
CPs/14=-551.098388 2379.837158 72.733825
CPs/15=-641.086242 2439.668945 103.985473
CPs/16=-723.572570 2454.345214 123.899421
CPs/17=-703.655151 2339.697753 126.764808
CPs/18=-649.770324 2312.531982 135.551971
CPs/19=-669.243041 2306.760253 135.152053
CPs/20=-782.808349 2307.013916 138.054000
CPs/21=-1066.958740 2298.625976 87.739944
CPs/22=-1058.756591 2153.484863 86.829254
CPs/23=-1063.262817 1997.791137 122.845375
CPs/24=-1057.192626 1924.914184 107.990913
CPs/25=-1071.781860 1828.336303 48.321659
CPs/26=-1184.093139 1685.649780 19.984077
CPs/27=-1080.974365 1427.679321 28.830789
CPs/28=-979.618835 1248.532348 32.737335
CPs/29=-883.564941 1134.347290 27.450550
CPs/30=-829.618408 1075.846191 34.142536
CPs/31=-962.298645 978.352294 34.203025
CPs/32=-1137.392456 850.755981 34.164718
CPs/33=-1614.243041 500.796722 26.151573
CPs/34=-1705.571777 437.416107 10.172628
CPs/35=-1879.156494 317.547393 10.746877
CPs/36=-1943.319458 203.967681 25.167182
CPs/37=-2038.824829 209.235046 35.917182
CPs/38=-2055.029785 242.168838 34.813152
CPs/39=-2010.896972 231.502456 28.022350
CPs/40=-1839.590820 223.958908 22.404296
CPs/41=-1799.905517 185.518234 14.369631
CPs/42=-1763.396728 174.100906 6.589138
CPs/43=-1750.590576 91.892578 3.116122
CPs/44=-1748.364990 29.293525 3.122934
CPs/45=-1713.406005 36.566593 3.120450
CPs/46=-1670.885864 16.203075 3.119668
CPs/47=-1614.869750 52.273483 3.121052
CPs/48=-1554.325195 99.280822 9.747782
CPs/49=-1502.358642 135.743240 16.895023
CPs/50=-1575.700561 44.133808 16.894031
Gravity=0.0080
