Vehicle=585
AutoFix=1
Creator=[SS]DeadTermite
Nos=0
World=0
Weather=0
RaceMode=0
Laps=0
AirRace=0
CPSize=8.0000
RaceName=a
Gravity=0.0000
RaceTimesName/0=A
RaceTimesTime/0=0
RaceTimesName/1=A
RaceTimesTime/1=0
RaceTimesName/2=A
RaceTimesTime/2=0
RaceTimesName/3=A
RaceTimesTime/3=0
RaceTimesName/4=A
RaceTimesTime/4=0
LapTimesName/0=A
LapTimesTime/0=0
LapTimesName/1=A
LapTimesTime/1=0
LapTimesName/2=A
LapTimesTime/2=0
LapTimesName/3=A
LapTimesTime/3=0
LapTimesName/4=A
LapTimesTime/4=0
Tcp/1=2887.9260
Tcp/2=921.3413
Tcp/3=17.6896
Tcp/4=94.3844
CPs/0=2861.332275 921.171691 10.750000
CPs/1=2768.593017 915.205444 11.221228
CPs/2=2724.743164 867.085693 10.878678
CPs/3=2723.426269 771.622131 10.917531
CPs/4=2552.378906 773.554138 10.911132
CPs/5=2546.616210 920.999877 11.008990
CPs/6=2546.975585 1010.774658 10.990920
CPs/7=2436.263183 1014.162475 10.856284
CPs/8=2427.429443 1143.872558 10.800841
CPs/9=2427.671875 1371.784545 11.155710
CPs/10=2426.878173 1606.726562 10.982755
CPs/11=2330.681884 1617.363403 10.917007
CPs/12=2328.688476 1767.588378 10.923048
CPs/13=2426.458740 1767.730102 10.799165
CPs/14=2425.828125 1714.922729 11.127736
CPs/15=2546.240722 1707.912719 10.800333
CPs/16=2547.964599 1608.937988 10.932761
CPs/17=2428.796630 1611.861938 11.167744
CPs/18=2326.784912 1613.294555 10.948149
CPs/19=2327.962890 1535.792480 10.993254
CPs/20=2083.261230 1533.523071 10.809336
CPs/21=2070.424072 1657.035278 10.800205
CPs/22=2104.688720 1776.943359 10.808429
CPs/23=2155.732666 1888.689086 10.862157
CPs/24=2337.924560 1894.078613 10.962765
CPs/25=2366.388671 1975.936523 10.851254
CPs/26=2501.473632 1973.625488 10.925556
CPs/27=2547.341308 1967.468750 10.948743
CPs/28=2708.190185 1953.489013 13.849569
CPs/29=2763.664306 1941.228515 11.436150
CPs/30=2729.837890 1817.781005 6.870953
CPs/31=2725.288330 1613.410034 6.870730
CPs/32=2724.905517 1124.843872 6.863270
CPs/33=2652.222412 932.359802 6.863265
CPs/34=2420.768066 826.655090 6.863262
CPs/35=2290.572021 763.853149 11.096164
CPs/36=2299.395507 714.675170 10.795017
CPs/37=2406.687988 714.026855 10.800704
CPs/38=2449.335693 771.123962 10.800586
CPs/39=2721.576904 771.381713 10.888603
CPs/40=2729.228027 906.621093 10.878058
CPs/41=2867.001464 912.951354 10.878631
