Vehicle=522
AutoFix=1
Creator=GangBang
Nos=0
World=0
Weather=0
RaceMode=0
Laps=0
AirRace=0
CPSize=8.0000
RaceName=A Travel To The Hos
Gravity=0.8000
RaceTimesName/0=SchoolBus
RaceTimesTime/0=88098
RaceTimesName/1=GangBang
RaceTimesTime/1=100125
RaceTimesName/2=A
RaceTimesTime/2=0
RaceTimesName/3=A
RaceTimesTime/3=0
RaceTimesName/4=A
RaceTimesTime/4=0
LapTimesName/0=A
LapTimesTime/0=0
LapTimesName/1=A
LapTimesTime/1=0
LapTimesName/2=A
LapTimesTime/2=0
LapTimesName/3=A
LapTimesTime/3=0
LapTimesName/4=A
LapTimesTime/4=0
Tcp/1=2302.2976
Tcp/2=1870.7583
Tcp/3=10.3937
Tcp/4=271.6218
CPs/0=2296.536132 1878.093872 10.384275
CPs/1=2239.018798 1879.355590 10.385784
CPs/2=2179.089355 1871.881469 10.387985
CPs/3=2199.798339 1861.825561 10.387430
CPs/4=2218.869140 1839.248291 10.386909
CPs/5=2239.083007 1809.308837 10.387295
CPs/6=2223.878662 1787.089599 10.386240
CPs/7=2170.372070 1786.630737 10.385789
CPs/8=2143.771972 1797.898193 10.385029
CPs/9=2171.040283 1818.841308 10.385833
CPs/10=2207.306640 1825.030395 10.387905
CPs/11=2203.762695 1834.531005 10.385053
CPs/12=2197.252685 1842.111083 10.359143
CPs/13=2190.151855 1837.282714 10.353885
CPs/14=2182.474609 1842.902221 10.385602
CPs/15=2175.129394 1834.089599 10.391222
CPs/16=2167.621093 1843.227416 10.371350
CPs/17=2144.099853 1827.424804 10.385927
CPs/18=2106.614746 1802.905029 10.445711
CPs/19=2113.020996 1834.608032 10.236114
CPs/20=2100.641113 1862.987304 10.266445
CPs/21=2075.242675 1874.010742 10.820136
CPs/22=2047.495605 1884.154663 11.496929
CPs/23=2041.519165 1914.182617 11.729331
CPs/24=2021.999145 1925.926757 12.060585
CPs/25=2021.984741 1905.216064 11.849820
CPs/26=2068.251464 1876.487670 10.980228
CPs/27=2083.986816 1849.398071 10.238134
CPs/28=2023.092895 1774.143798 10.238606
CPs/29=1939.059448 1748.333129 15.042407
CPs/30=1940.718505 1734.158813 18.467967
CPs/31=1985.780517 1749.446777 18.500469
CPs/32=1998.963745 1733.868530 18.501316
CPs/33=1907.247924 1732.908569 20.250387
CPs/34=1894.442016 1731.692871 10.386322
CPs/35=1857.058349 1721.014160 10.391927
CPs/36=1614.411254 1715.579223 10.241563
CPs/37=1566.725952 1793.082397 10.237769
CPs/38=1634.652221 1841.743041 10.386504
