Vehicle=522
AutoFix=1
Creator=GangBang
Nos=0
World=0
Weather=0
RaceMode=0
Laps=0
AirRace=0
CPSize=8.0000
RaceName=A Quick Lv
Gravity=0.8000
RaceTimesName/0=[AC]Pro
RaceTimesTime/0=216299
RaceTimesName/1=[SS]Jaykobb
RaceTimesTime/1=217318
RaceTimesName/2=GangBang
RaceTimesTime/2=230738
RaceTimesName/3=mohd98313
RaceTimesTime/3=249846
RaceTimesName/4=A
RaceTimesTime/4=0
LapTimesName/0=A
LapTimesTime/0=0
LapTimesName/1=A
LapTimesTime/1=0
LapTimesName/2=A
LapTimesTime/2=0
LapTimesName/3=A
LapTimesTime/3=0
LapTimesName/4=A
LapTimesTime/4=0
Tcp/1=2096.4562
Tcp/2=1275.7308
Tcp/3=10.8203
Tcp/4=184.1842
CPs/0=2096.243164 1247.601562 10.820311
CPs/1=2083.533447 1212.576660 10.820311
CPs/2=2049.443847 1161.470947 10.671875
CPs/3=2039.866333 1128.439697 10.503517
CPs/4=1990.830688 1058.180297 10.651897
CPs/5=2013.833618 1033.135986 10.651926
CPs/6=2065.630371 999.430053 10.503219
CPs/7=2122.749267 973.107238 10.503511
CPs/8=2117.716308 944.968505 10.646330
CPs/9=2101.133544 896.883239 10.798312
CPs/10=2121.552001 900.576110 10.816102
CPs/11=2126.755615 927.005371 10.652002
CPs/12=2145.249511 936.081970 10.511631
CPs/13=2189.647216 918.108764 10.651988
CPs/14=2226.454833 954.322753 10.652205
CPs/15=2279.184814 995.215209 10.649712
CPs/16=2309.394775 1087.654052 10.652029
CPs/17=2230.016845 1139.437866 10.651794
CPs/18=2200.372314 1138.367553 10.652638
CPs/19=2199.174560 1173.581787 10.651892
CPs/20=2227.041259 1254.600585 10.503265
CPs/21=2202.301513 1288.981445 10.651694
CPs/22=2189.691650 1236.183959 10.503663
CPs/23=2180.650146 1145.874267 12.000964
CPs/24=2148.504638 1136.629882 13.278775
CPs/25=2099.011718 1159.981323 11.494318
CPs/26=2065.829345 1187.894409 10.503821
CPs/27=2061.572753 1281.015502 10.503179
CPs/28=2068.577880 1332.980346 10.511493
CPs/29=2032.390747 1409.406005 10.657793
CPs/30=1952.425903 1449.193969 10.575561
CPs/31=1908.807373 1487.512573 12.598587
CPs/32=1889.851806 1580.447021 10.652354
CPs/33=1832.211791 1581.331420 7.838827
CPs/34=1815.331420 1523.153320 6.656886
CPs/35=1910.924316 1455.787353 10.503335
CPs/36=1981.208496 1417.050659 9.014707
CPs/37=1935.504394 1381.733398 9.097676
CPs/38=1878.356323 1379.932861 16.782495
CPs/39=1844.502929 1382.295776 16.753612
CPs/40=1889.415649 1373.114135 24.552486
CPs/41=1936.214233 1366.062866 15.675192
CPs/42=1955.173950 1398.615234 9.257811
